FANN_FIX_2.0
decimal_point=8
num_layers=3
learning_rate=0.700000
connection_rate=1.000000
network_type=0
learning_momentum=0.000000
training_algorithm=2
train_error_function=1
train_stop_function=1
cascade_output_change_fraction=0.010000
quickprop_decay=-0.000100
quickprop_mu=1.750000
rprop_increase_factor=1.200000
rprop_decrease_factor=0.500000
rprop_delta_min=0.000000
rprop_delta_max=50.000000
rprop_delta_zero=0.100000
cascade_output_stagnation_epochs=12
cascade_candidate_change_fraction=0.010000
cascade_candidate_stagnation_epochs=12
cascade_max_out_epochs=150
cascade_min_out_epochs=50
cascade_max_cand_epochs=150
cascade_min_cand_epochs=50
cascade_num_candidate_groups=2
bit_fail_limit=3
cascade_candidate_limit=256000
cascade_weight_multiplier=102
cascade_activation_functions_count=10
cascade_activation_functions=3 5 7 8 10 11 14 15 16 17 
cascade_activation_steepnesses_count=4
cascade_activation_steepnesses=64 128 192 256 
layer_sizes=9 6 3 
neurons (num_inputs, activation_function, activation_steepness)=(0, 0, 0) (0, 0, 0) (0, 0, 0) (0, 0, 0) (0, 0, 0) (0, 0, 0) (0, 0, 0) (0, 0, 0) (0, 0, 0) (9, 5, 256) (9, 5, 256) (9, 5, 256) (9, 5, 256) (9, 5, 256) (0, 5, 256) (6, 5, 256) (6, 5, 256) (0, 5, 256) 
connections (connected_to_neuron, weight)=(0, 743) (1, 149) (2, -217) (3, 116) (4, -640) (5, -208) (6, 193) (7, -534) (8, 314) (0, -234) (1, 19) (2, -179) (3, 237) (4, -210) (5, -295) (6, -186) (7, 845) (8, 272) (0, 140) (1, 84) (2, -46) (3, 37) (4, 219) (5, 210) (6, -81) (7, -422) (8, 2) (0, 382860) (1, 384000) (2, 384000) (3, 384000) (4, -384000) (5, -15549) (6, -2355) (7, -143479) (8, 362202) (0, 369) (1, 409) (2, 2) (3, -113) (4, -651) (5, -20) (6, 470) (7, 94) (8, -304) (9, -244) (10, 185) (11, 474) (12, 237) (13, 278) (14, -242) (9, 375) (10, -220) (11, -628) (12, 279) (13, -407) (14, 51) 
